Shapiro-Wilk p-value: 2.4825994038302213e-10
Shapiro-Wilk p-value: 0.0035588869359344244
Shapiro-Wilk p-value: 2.1342696072679246e-06
Difference distribution is not normal.

Wilcoxon p-values: [0.75 0.25 0.25 0.75 0.5  0.75 0.5  0.5  0.5  0.75 0.5  0.5  0.5  0.5
 0.25 0.25 0.25 0.25 0.25 0.25 0.25 0.25 0.25 0.25 0.25 0.25 0.25 0.25
 0.25 0.25 0.25 0.25 0.25 0.25 0.25 0.25 0.25 0.25 0.25 0.25 0.25 0.25
 0.25 0.25 0.25 0.25 0.25 0.25 0.25 0.25 0.25 0.25 0.25 0.25 0.25 0.25
 0.25 0.25 0.25 0.25 0.25 0.25 0.25 0.25 0.25 0.25 0.25 0.25 0.25 0.25
 0.25 0.25 0.25 0.25 0.25 0.25 0.25 0.25 0.25 0.25 0.25 0.25 0.25 0.25
 0.25 0.25 0.25 0.25 0.25 0.25 0.25 0.25 0.25 0.25 0.25 0.25 0.25 0.25
 0.25 0.25 0.25 0.25 0.25 0.25 0.25 0.25 0.25 0.25 0.25 0.25 0.25 0.25
 0.25 0.25 0.25 0.25 0.25 0.25 0.25 0.25 0.25 0.25 0.25 0.25 0.25 0.25
 0.25 0.25 0.25 0.25 0.25 0.25 0.25 0.25 0.25 0.25 0.25 0.25 0.25 0.25
 0.25 0.25 0.25 0.25 0.25 0.25 0.25 0.25 0.25 0.25]
There is no significant difference between the two models (p-value >= 0.05)