Fold, Epoch, Last Batch Train Loss, Average Train Loss
1, 1, 0.7485, 0.7862
1, 2, 0.5570, 0.7369
1, 3, 0.8435, 0.7548
1, 4, 0.6908, 0.7452
1, 5, 0.7823, 0.7484
1, 6, 0.6480, 0.7441
1, 7, 0.6234, 0.7532
1, 8, 0.6131, 0.7511
1, 9, 0.6129, 0.7411
1, 10, 0.9107, 0.7526
1, 11, 0.8207, 0.7315
1, 12, 0.5388, 0.7376
1, 13, 0.6725, 0.7358
1, 14, 0.6242, 0.7257
1, 15, 0.7380, 0.7411
1, 16, 0.5768, 0.7304
1, 17, 0.5886, 0.7378
1, 18, 0.7963, 0.7381
1, 19, 0.6246, 0.7412
1, 20, 0.5198, 0.7427
1, 21, 0.7168, 0.7338
1, 22, 0.4976, 0.7347
1, 23, 0.5293, 0.7232
1, 24, 0.6219, 0.7302
1, 25, 0.6396, 0.7289
1, 26, 0.7241, 0.7544
1, 27, 0.6346, 0.7427
1, 28, 0.6051, 0.7373
1, 29, 0.6855, 0.7333
1, 30, 0.5056, 0.7319
1, 31, 0.6689, 0.7394
1, 32, 0.7177, 0.7254
1, 33, 0.5548, 0.7409
1, 34, 0.5779, 0.7381
1, 35, 0.5444, 0.7381
1, 36, 0.6041, 0.7489
1, 37, 0.6730, 0.7151
1, 38, 0.6000, 0.7246
1, 39, 0.6983, 0.7328
1, 40, 0.5920, 0.7459
1, 41, 0.6972, 0.7307
1, 42, 0.6208, 0.7438
1, 43, 0.7074, 0.7303
1, 44, 0.6301, 0.7133
1, 45, 0.5949, 0.7344
1, 46, 0.7585, 0.7127
1, 47, 0.7173, 0.7331
1, 48, 0.5492, 0.7353
1, 49, 0.4068, 0.7234
1, 50, 0.6176, 0.7366
2, 1, 0.6241, 0.7300
2, 2, 0.5992, 0.7249
2, 3, 0.5916, 0.7145
2, 4, 0.5462, 0.7342
2, 5, 0.7713, 0.7401
2, 6, 0.4898, 0.7224
2, 7, 0.5918, 0.7153
2, 8, 0.6147, 0.7258
2, 9, 0.5591, 0.7148
2, 10, 0.5824, 0.7283
2, 11, 0.6543, 0.7260
2, 12, 0.6002, 0.7281
2, 13, 0.5348, 0.7153
2, 14, 0.5584, 0.7371
2, 15, 0.5918, 0.7177
2, 16, 0.7262, 0.7158
2, 17, 0.5674, 0.7163
2, 18, 0.5831, 0.7116
2, 19, 0.6500, 0.7248
2, 20, 0.5420, 0.7189
2, 21, 0.5921, 0.7223
2, 22, 0.5332, 0.7067
2, 23, 0.6305, 0.7131
2, 24, 0.5956, 0.7095
2, 25, 0.6218, 0.7135
2, 26, 0.6309, 0.7132
2, 27, 0.6590, 0.7059
2, 28, 0.5254, 0.7250
2, 29, 0.6202, 0.7131
2, 30, 0.5044, 0.7183
2, 31, 0.5909, 0.7096
2, 32, 0.5954, 0.7157
2, 33, 0.5992, 0.7173
2, 34, 0.5639, 0.7160
2, 35, 0.6097, 0.7155
2, 36, 0.6352, 0.7231
2, 37, 0.5610, 0.7164
2, 38, 0.5433, 0.7159
2, 39, 0.6167, 0.7270
2, 40, 0.5229, 0.7217
2, 41, 0.6352, 0.7153
2, 42, 0.6647, 0.7010
2, 43, 0.6108, 0.7129
2, 44, 0.6136, 0.7079
2, 45, 0.5899, 0.7209
2, 46, 0.5968, 0.7177
2, 47, 0.6062, 0.7132
2, 48, 0.6283, 0.7187
2, 49, 0.6302, 0.7078
2, 50, 0.6056, 0.7024
3, 1, 0.5188, 0.7240
3, 2, 0.5922, 0.7146
3, 3, 0.5694, 0.7012
3, 4, 0.5737, 0.7219
3, 5, 0.6229, 0.7023
3, 6, 0.5860, 0.7109
3, 7, 0.6258, 0.7296
3, 8, 0.6228, 0.7183
3, 9, 0.5327, 0.7059
3, 10, 0.5694, 0.7250
3, 11, 0.5828, 0.7191
3, 12, 0.5616, 0.7141
3, 13, 0.5506, 0.7066
3, 14, 0.5705, 0.7119
3, 15, 0.6381, 0.7093
3, 16, 0.5310, 0.7112
3, 17, 0.5337, 0.7151
3, 18, 0.5206, 0.7173
3, 19, 0.5937, 0.7262
3, 20, 0.6132, 0.7155
3, 21, 0.6651, 0.7139
3, 22, 0.5943, 0.7146
3, 23, 0.6362, 0.7192
3, 24, 0.6606, 0.7109
3, 25, 0.6053, 0.7191
3, 26, 0.5803, 0.7124
3, 27, 0.5789, 0.7056
3, 28, 0.5639, 0.7167
3, 29, 0.6846, 0.7182
3, 30, 0.5632, 0.7064
3, 31, 0.6224, 0.6980
3, 32, 0.6553, 0.7122
3, 33, 0.5215, 0.7030
3, 34, 0.5544, 0.7196
3, 35, 0.6040, 0.6980
3, 36, 0.5768, 0.7032
3, 37, 0.5267, 0.7105
3, 38, 0.5844, 0.7211
3, 39, 0.5852, 0.7083
3, 40, 0.5337, 0.7064
3, 41, 0.6163, 0.7100
3, 42, 0.6114, 0.7135
3, 43, 0.5527, 0.7061
3, 44, 0.5968, 0.7063
3, 45, 0.5281, 0.7110
3, 46, 0.6559, 0.7087
3, 47, 0.5005, 0.7103
3, 48, 0.5934, 0.7137
3, 49, 0.5630, 0.7064
3, 50, 0.6284, 0.7115
4, 1, 0.5542, 0.7172
4, 2, 0.6026, 0.7174
4, 3, 0.6200, 0.7109
4, 4, 0.7291, 0.7201
4, 5, 0.5828, 0.7206
4, 6, 0.6526, 0.7082
4, 7, 0.6252, 0.7185
4, 8, 0.7337, 0.7018
4, 9, 0.5958, 0.7091
4, 10, 0.6517, 0.7082
4, 11, 0.6461, 0.7193
4, 12, 0.6460, 0.7156
4, 13, 0.6662, 0.7198
4, 14, 0.7032, 0.7241
4, 15, 0.6239, 0.6994
4, 16, 0.5892, 0.7049
4, 17, 0.6353, 0.7095
4, 18, 0.6199, 0.7107
4, 19, 0.6385, 0.7104
4, 20, 0.6259, 0.7129
4, 21, 0.7104, 0.7147
4, 22, 0.5678, 0.7075
4, 23, 0.6253, 0.7136
4, 24, 0.6547, 0.7137
4, 25, 0.6342, 0.7149
4, 26, 0.6262, 0.7154
4, 27, 0.6459, 0.7104
4, 28, 0.6334, 0.7148
4, 29, 0.6578, 0.7050
4, 30, 0.6208, 0.7125
4, 31, 0.6097, 0.7199
4, 32, 0.5910, 0.7104
4, 33, 0.6430, 0.7072
4, 34, 0.6226, 0.7131
4, 35, 0.6151, 0.7095
4, 36, 0.6076, 0.7088
4, 37, 0.6625, 0.7089
4, 38, 0.5963, 0.7033
4, 39, 0.6707, 0.7109
4, 40, 0.6387, 0.7139
4, 41, 0.6752, 0.7151
4, 42, 0.6014, 0.7075
4, 43, 0.6496, 0.7104
4, 44, 0.6259, 0.7030
4, 45, 0.6272, 0.7083
4, 46, 0.6094, 0.7107
4, 47, 0.6287, 0.7023
4, 48, 0.5959, 0.7118
4, 49, 0.6044, 0.7090
4, 50, 0.6086, 0.7044
5, 1, 0.7627, 0.7120
5, 2, 0.6770, 0.7134
5, 3, 0.6464, 0.7025
5, 4, 0.5422, 0.7077
5, 5, 0.5733, 0.7098
5, 6, 0.6333, 0.7103
5, 7, 0.5736, 0.7096
5, 8, 0.5677, 0.7121
5, 9, 0.6539, 0.7135
5, 10, 0.5948, 0.7060
5, 11, 0.6207, 0.7029
5, 12, 0.5593, 0.7107
5, 13, 0.5971, 0.7152
5, 14, 0.5770, 0.7144
5, 15, 0.5612, 0.7101
5, 16, 0.6416, 0.7086
5, 17, 0.5627, 0.7037
5, 18, 0.6013, 0.7065
5, 19, 0.6102, 0.7146
5, 20, 0.6052, 0.7043
5, 21, 0.6111, 0.7046
5, 22, 0.5751, 0.7114
5, 23, 0.5549, 0.7017
5, 24, 0.6077, 0.7051
5, 25, 0.5919, 0.7120
5, 26, 0.5970, 0.7061
5, 27, 0.6019, 0.7072
5, 28, 0.5888, 0.7069
5, 29, 0.5682, 0.7031
5, 30, 0.6244, 0.7131
5, 31, 0.6098, 0.7091
5, 32, 0.6256, 0.7079
5, 33, 0.5822, 0.7124
5, 34, 0.6458, 0.7105
5, 35, 0.6248, 0.7057
5, 36, 0.6239, 0.7102
5, 37, 0.6124, 0.7046
5, 38, 0.5853, 0.7060
5, 39, 0.5876, 0.7090
5, 40, 0.6225, 0.7107
5, 41, 0.5593, 0.7085
5, 42, 0.5835, 0.7060
5, 43, 0.6031, 0.7089
5, 44, 0.5924, 0.6997
5, 45, 0.6475, 0.7106
5, 46, 0.5999, 0.7027
5, 47, 0.6004, 0.7106
5, 48, 0.6369, 0.7034
5, 49, 0.5836, 0.7027
5, 50, 0.5561, 0.7043
