Fold, Epoch, Last Batch Train Loss, Average Train Loss
1, 1, 0.0000, 12.2322
1, 2, 0.0000, 77.9722
1, 3, 0.0000, 40.6118
1, 4, 0.0000, 29.6548
1, 5, 0.0000, 25.9457
1, 6, 0.0000, 18.9699
1, 7, 0.0000, 15.4260
1, 8, 0.0000, 14.5747
1, 9, 0.0010, 14.6319
1, 10, 0.0004, 11.2566
1, 11, 0.0005, 9.3647
1, 12, 1.2940, 8.4495
1, 13, 0.0435, 7.6722
1, 14, 0.0032, 9.0134
1, 15, 0.9227, 6.5044
1, 16, 0.0014, 5.8799
1, 17, 0.1200, 5.5725
1, 18, 0.0909, 4.3843
1, 19, 0.0021, 4.1491
1, 20, 0.0117, 4.2693
1, 21, 0.0369, 3.8714
1, 22, 0.1328, 3.1956
1, 23, 0.3751, 3.2055
1, 24, 0.3906, 2.8051
1, 25, 0.3999, 2.9225
1, 26, 0.2299, 2.4449
1, 27, 0.1044, 2.5841
1, 28, 0.3011, 2.6440
1, 29, 0.2751, 2.4366
1, 30, 0.5102, 2.0609
1, 31, 0.3721, 2.4909
1, 32, 0.2217, 2.2670
1, 33, 0.4044, 2.2941
1, 34, 0.2741, 1.8723
1, 35, 0.0008, 1.9256
1, 36, 0.3426, 1.9315
1, 37, 0.1581, 1.9445
1, 38, 0.3263, 2.5065
1, 39, 0.2217, 1.7607
1, 40, 0.1071, 1.7971
1, 41, 0.1830, 1.8184
1, 42, 0.1113, 1.9178
1, 43, 0.1844, 1.3999
1, 44, 0.2054, 1.8052
1, 45, 0.3175, 1.7528
1, 46, 0.1056, 1.4810
1, 47, 0.1200, 1.4388
1, 48, 0.4730, 1.6832
1, 49, 0.2137, 1.7406
1, 50, 0.0807, 1.5699
2, 1, 0.0899, 1.2140
2, 2, 0.0092, 1.5873
2, 3, 0.0357, 1.4456
2, 4, 0.0602, 1.5541
2, 5, 0.0425, 1.2630
2, 6, 0.0972, 1.2742
2, 7, 0.1203, 1.2694
2, 8, 0.0614, 1.1876
2, 9, 0.1460, 1.2414
2, 10, 0.0589, 1.1027
2, 11, 0.0473, 1.2914
2, 12, 0.0768, 1.2428
2, 13, 0.0597, 1.2153
2, 14, 0.1007, 1.0038
2, 15, 0.1731, 0.9760
2, 16, 0.0832, 1.1069
2, 17, 0.1697, 1.0089
2, 18, 0.0893, 1.0829
2, 19, 0.1267, 1.0449
2, 20, 0.0467, 0.9753
2, 21, 0.3058, 0.9814
2, 22, 0.3862, 0.8972
2, 23, 0.1987, 0.9398
2, 24, 0.1833, 0.8642
2, 25, 0.0974, 0.8323
2, 26, 0.2425, 0.8337
2, 27, 0.3639, 0.8072
2, 28, 0.1455, 0.8428
2, 29, 0.1371, 0.8293
2, 30, 0.1843, 0.8669
2, 31, 0.1113, 0.8450
2, 32, 0.2683, 0.7897
2, 33, 0.1120, 0.8508
2, 34, 0.5559, 0.7888
2, 35, 0.2607, 0.7642
2, 36, 0.3628, 0.8371
2, 37, 0.3065, 0.7554
2, 38, 0.2192, 0.7457
2, 39, 0.2081, 0.7636
2, 40, 0.1299, 0.8493
2, 41, 0.4168, 0.8093
2, 42, 0.4193, 0.7989
2, 43, 0.0905, 0.6389
2, 44, 0.2221, 0.7788
2, 45, 0.2154, 0.7404
2, 46, 0.4051, 0.6997
2, 47, 0.1840, 0.6321
2, 48, 0.1382, 0.6816
2, 49, 0.3398, 0.7450
2, 50, 0.3688, 0.7196
3, 1, 0.3409, 0.6791
3, 2, 0.2353, 0.7089
3, 3, 0.2965, 0.6941
3, 4, 0.4408, 0.7239
3, 5, 0.4060, 0.6776
3, 6, 0.3357, 0.6833
3, 7, 0.4159, 0.6554
3, 8, 0.4775, 0.6386
3, 9, 0.2905, 0.6072
3, 10, 0.3372, 0.6135
3, 11, 0.3689, 0.6784
3, 12, 0.4506, 0.6544
3, 13, 0.4565, 0.6902
3, 14, 0.7061, 0.6924
3, 15, 0.4584, 0.7302
3, 16, 0.4576, 0.6211
3, 17, 0.3349, 0.6157
3, 18, 0.4632, 0.6786
3, 19, 0.2668, 0.6244
3, 20, 0.7704, 0.6478
3, 21, 0.5067, 0.6739
3, 22, 0.3102, 0.6363
3, 23, 0.5078, 0.6589
3, 24, 0.5516, 0.5846
3, 25, 1.0602, 0.5675
3, 26, 0.4288, 0.6289
3, 27, 0.4075, 0.5879
3, 28, 0.3591, 0.6627
3, 29, 0.2422, 0.6578
3, 30, 0.3527, 0.6150
3, 31, 0.3416, 0.6875
3, 32, 0.3772, 0.6315
3, 33, 0.5788, 0.6705
3, 34, 0.4070, 0.5756
3, 35, 0.9154, 0.6343
3, 36, 0.3032, 0.5811
3, 37, 0.6256, 0.6512
3, 38, 0.3305, 0.5933
3, 39, 0.5793, 0.6372
3, 40, 0.4158, 0.5447
3, 41, 0.5124, 0.6083
3, 42, 0.5029, 0.6136
3, 43, 0.5129, 0.5940
3, 44, 0.9432, 0.6049
3, 45, 0.3201, 0.5747
3, 46, 0.3368, 0.5528
3, 47, 0.4501, 0.5427
3, 48, 0.5428, 0.6079
3, 49, 0.4034, 0.5759
3, 50, 0.3215, 0.5895
4, 1, 0.4759, 0.6286
4, 2, 0.3647, 0.6197
4, 3, 0.6742, 0.5753
4, 4, 0.6085, 0.6294
4, 5, 0.7666, 0.5554
4, 6, 0.5869, 0.6007
4, 7, 0.3973, 0.6354
4, 8, 0.3564, 0.6041
4, 9, 0.6102, 0.6076
4, 10, 0.4185, 0.5822
4, 11, 0.4864, 0.5991
4, 12, 0.3878, 0.5548
4, 13, 0.7236, 0.5849
4, 14, 0.6254, 0.5941
4, 15, 0.6321, 0.5830
4, 16, 0.6748, 0.5187
4, 17, 0.5917, 0.5999
4, 18, 0.0069, 0.4261
4, 19, 0.3021, 1.6862
4, 20, 0.3924, 0.6354
4, 21, 0.7485, 0.5790
4, 22, 0.4618, 0.5226
4, 23, 0.4137, 0.5489
4, 24, 0.4547, 0.5831
4, 25, 0.3106, 0.5508
4, 26, 0.6211, 0.5966
4, 27, 0.1532, 0.8422
4, 28, 0.4419, 0.7209
4, 29, 0.4044, 0.5333
4, 30, 0.5162, 0.5511
4, 31, 0.3219, 0.6105
4, 32, 0.5585, 0.5089
4, 33, 0.2895, 0.5693
4, 34, 0.6924, 0.5240
4, 35, 0.3451, 0.5360
4, 36, 0.3589, 0.5534
4, 37, 0.5493, 0.5245
4, 38, 0.3981, 0.5653
4, 39, 0.4424, 0.5284
4, 40, 0.3520, 0.5565
4, 41, 0.4325, 0.5461
4, 42, 0.4629, 0.5544
4, 43, 0.6141, 0.5571
4, 44, 0.8112, 0.5137
4, 45, 0.3308, 0.5334
4, 46, 0.4218, 0.5530
4, 47, 0.3315, 0.5808
4, 48, 0.4989, 0.5922
4, 49, 0.5430, 0.5435
4, 50, 0.5487, 0.5339
5, 1, 0.4090, 0.5591
5, 2, 0.4187, 0.5482
5, 3, 0.3066, 0.5026
5, 4, 0.3509, 0.5387
5, 5, 0.6064, 0.5385
5, 6, 0.5303, 0.5302
5, 7, 0.3981, 0.5426
5, 8, 0.3428, 0.5320
5, 9, 0.3186, 0.5359
5, 10, 0.4316, 0.5062
5, 11, 0.3368, 0.6113
5, 12, 0.3384, 0.5366
5, 13, 0.5045, 0.5693
5, 14, 0.4088, 0.5357
5, 15, 0.5391, 0.5691
5, 16, 0.3800, 0.5651
5, 17, 0.4506, 0.5513
5, 18, 0.6444, 0.5503
5, 19, 0.3109, 0.5541
5, 20, 0.4789, 0.5478
5, 21, 0.5647, 0.5583
5, 22, 0.2649, 0.5719
5, 23, 0.5121, 0.5345
5, 24, 0.4386, 0.5483
5, 25, 0.2816, 0.4938
5, 26, 0.2660, 0.5384
5, 27, 0.6751, 0.5244
5, 28, 0.3679, 0.5735
5, 29, 0.3765, 0.5631
5, 30, 0.4043, 0.5248
5, 31, 0.5886, 0.5795
5, 32, 0.7011, 0.5536
5, 33, 0.4276, 0.5342
5, 34, 0.3269, 0.4839
5, 35, 0.4196, 0.5569
5, 36, 0.3823, 0.5072
5, 37, 0.3503, 0.5011
5, 38, 0.3798, 0.5167
5, 39, 0.4019, 0.5210
5, 40, 0.2938, 0.5584
5, 41, 0.8233, 0.5617
5, 42, 0.3984, 0.5984
5, 43, 0.4777, 0.5157
5, 44, 0.6772, 0.5167
5, 45, 0.3505, 0.5028
5, 46, 0.3297, 0.5676
5, 47, 0.3503, 0.5578
5, 48, 0.2137, 0.5776
5, 49, 0.4243, 0.6097
5, 50, 0.4178, 0.5116
