Shapiro-Wilk p-value: 0.1470685601234436
Shapiro-Wilk p-value: 0.6705983877182007
Shapiro-Wilk p-value: 0.5568850040435791
Difference distribution is normal.

T-Test p-values: [0.41130911 0.39895497 0.40918801 0.4088284  0.41042299 0.40407001
 0.4110256  0.41170279 0.41226558 0.41042141 0.41001328 0.40731111
 0.40988218 0.41109415 0.40493688 0.25179405 0.41072404 0.41104364
 0.40916417 0.40860662 0.40520188 0.40907534 0.40962563 0.41026922
 0.41131335 0.40421114 0.40923093 0.41088714 0.41062204 0.95205367
 0.41381121 0.40899466 0.40897645 0.41083159 0.40138014 0.40541766
 0.41236171 0.41075886 0.41025714 0.41173485 0.40733334 0.41029527
 0.41116628 0.41097298 0.41098469 0.41284859 0.41242668 0.41070986
 0.40967676 0.41238873]
There is no significant difference between the two models (p-value >= 0.05)