Shapiro-Wilk p-value: 0.9389840364456177
Shapiro-Wilk p-value: 0.06095131114125252
Shapiro-Wilk p-value: 0.06467007100582123
Difference distribution is normal.

T-Test p-values: [0.37492734 0.36737552 0.40976741 0.38404301 0.40139462 0.40601893
 0.40967857 0.40586371 0.4036373  0.40608146 0.40650237 0.40584789
 0.40798758 0.4054385  0.40973327 0.40891435 0.40705541 0.40872069
 0.40882274 0.40942018 0.40052001 0.40315441 0.41025305 0.40417893
 0.40425242 0.40419588 0.39749835 0.40844791 0.53467111 0.40836915
 0.40112991 0.40913103 0.40812432 0.39871683 0.40814511 0.40725558
 0.40612389 0.40736009 0.40974663 0.41028666 0.407988   0.40889949
 0.40941876 0.41066556 0.40974165 0.40720078 0.4071149  0.4053615
 0.40480284 0.40708149]
There is no significant difference between the two models (p-value >= 0.05)