Shapiro-Wilk p-value: 0.29484128952026367
Shapiro-Wilk p-value: 7.301508048840333e-06
Shapiro-Wilk p-value: 0.00011507323506521061
Difference distribution is not normal.

Wilcoxon p-values: [0.25       0.25       0.75       0.25       0.17971249 0.25
 0.25       0.25       0.25       0.5        0.25       0.25
 0.25       0.25       0.75       1.         0.75       0.75
 1.         0.25       0.25       0.25       0.25       0.25
 0.25       0.25       0.25       0.25       0.25       0.25
 0.25       0.75       0.25       0.25       0.25       0.25
 0.25       0.25       0.25       1.         0.25       0.75
 1.         1.         0.25       0.25       0.25       0.25
 0.25       0.17971249 0.25       0.25       0.25       0.25
 0.25       0.25       0.25       0.25       0.25       0.25
 0.25       0.25       0.25       0.75       0.25       0.25
 0.25       0.25       0.17971249 0.25       0.25       0.25
 0.25       0.25       0.17971249 0.25       0.25       0.25
 0.25       0.25       0.25       0.25       0.25       0.25
 0.25       0.25       0.75       0.25       0.17971249 0.25
 0.25       0.75       0.25       0.25       0.25       0.25
 0.25       0.25       0.25       0.5        0.75       0.75
 0.75       0.75       0.75       0.75       0.75       0.5
 0.75       0.25       0.25       0.5        0.75       0.5
 0.5        0.75       0.75       0.75       0.75       0.5
 0.5        0.75       0.5        0.25       0.5        0.5
 0.5        0.5        0.75       0.5        0.75       0.5
 0.65472085 0.5        0.5        0.75       0.5        0.25
 0.65472085 0.75       0.75       0.75       0.75       0.25
 0.25       0.75       0.65472085 0.75       0.75       0.75
...
 0.5        0.5        0.75       0.25       0.5        0.25
 0.25       0.25       0.25       0.25       0.17971249 0.25
 0.25       0.25       0.75       0.25      ]
There is no significant difference between the two models (p-value >= 0.05)