Shapiro-Wilk p-value: 6.173431756906211e-06
Shapiro-Wilk p-value: 0.001016797497868538
Shapiro-Wilk p-value: 0.2543587386608124
Difference distribution is not normal.

Wilcoxon p-values: [0.75       0.25       0.25       1.         0.25       0.75
 0.25       0.25       0.25       0.25       0.25       0.5
 0.25       0.25       0.5        0.25       0.25       0.25
 0.25       0.75       0.75       0.25       0.25       0.25
 0.75       0.75       0.5        0.75       0.25       0.25
 0.25       0.25       0.25       0.25       0.25       0.25
 1.         0.25       0.5        0.25       0.25       0.25
 0.25       0.25       0.25       1.         0.75       0.25
 0.25       0.25       0.75       0.17971249 0.75       0.75
 0.25       0.25       0.25       0.25       0.25       0.25
 0.5        0.5        0.25       0.25       0.25       0.25
 0.75       0.75       0.75       0.75       0.5        0.5
 0.75       0.5        0.5        0.75       0.5        0.75
 0.5        0.5        0.5        0.25       0.5        0.5
 0.17971249 0.17971249 0.75       0.75       0.25       0.25
 0.17971249 0.75       0.25       0.25       0.75       0.5
 0.25       0.25       0.75       0.75       0.5        0.25
 0.5        0.17971249 0.25       0.75       0.75       0.75
 1.         0.75       0.25       0.25       0.25       0.25
 0.25       0.25       0.25       0.25       0.25       0.25
 0.25       0.25       0.65472085 0.25       0.25       0.5
 0.25       0.25       0.25       0.25       0.25       0.25
 0.25       0.25       0.25       0.25       0.25       0.25
 0.25       0.25       0.25       0.25       0.25       0.25
 0.25       0.25       0.25       0.25       0.25       0.25      ]
There is no significant difference between the two models (p-value >= 0.05)