Shapiro-Wilk p-value: 1.388370606036915e-06
Shapiro-Wilk p-value: 0.00030887051252648234
Shapiro-Wilk p-value: 0.001096651190891862
Difference distribution is not normal.

Wilcoxon p-values: [0.75 0.25 0.75 0.75 0.75 0.75 0.25 0.25 0.25 0.25 0.75 0.75 0.5  0.5
 0.25 0.5  0.75 0.25 0.25 0.25 0.25 0.25 0.25 0.25 0.25 0.25 0.25 0.25
 0.25 0.25 0.25 0.25 0.25 0.25 0.25 0.25 0.25 0.25 0.25 0.25 0.25 0.25
 0.25 0.25 0.25 0.25 0.25 0.25 0.25 0.25 0.25 0.25 0.25 0.25 0.25 0.25
 0.25 0.25 0.25 0.25 0.25 0.25 0.25 0.25 0.25 0.25 0.25 0.25 0.25 0.25
 0.25 0.25 0.25 0.25 0.25 0.25 0.25 0.25 0.25 0.25 0.25 0.25 0.25 0.25
 0.25 0.25 0.25 0.25 0.25 0.25 0.25 0.25 0.25 0.25 0.25 0.25 0.25 0.25
 0.25 0.25 0.25 0.25 0.25 0.25 0.25 0.25 0.25 0.25 0.25 0.25 0.25 0.25
 0.25 0.25 0.25 0.25 0.25 0.25 0.25 0.25 0.25 0.25 0.25 0.25 0.25 0.25
 0.25 0.25 0.25 0.25 0.25 0.25 0.25 0.25 0.25 0.25 0.25 0.25 0.25 0.25
 0.25 0.25 0.25 0.25 0.25 0.25 0.25 0.25 0.25 0.25]
There is no significant difference between the two models (p-value >= 0.05)