Shapiro-Wilk p-value: 4.752576457378588e-11
Shapiro-Wilk p-value: 5.227217855612032e-13
Shapiro-Wilk p-value: 1.2560644790937658e-06
Difference distribution is not normal.

Wilcoxon p-values: [0.75       0.25       1.         0.25       0.17971249 0.25
 0.25       0.25       0.25       0.5        0.25       0.25
 0.25       0.25       0.75       0.75       0.5        0.5
 0.75       1.         0.25       0.25       0.75       0.25
 0.75       0.5        0.25       0.5        0.75       0.5
 0.5        0.25       0.25       0.5        0.75       0.25
 0.25       0.25       0.25       0.25       0.25       0.25
 0.25       0.25       0.25       0.25       0.25       0.25
 0.25       0.25       0.25       0.25       0.25       0.25
 0.25       0.25       0.25       0.25       0.25       0.25
 0.25       0.25       0.25       0.25       0.25       0.25
 0.25       0.25       0.25       0.25       0.25       0.25
 0.25       0.25       0.25       0.25       0.25       0.25
 0.25       0.25       0.25       0.25       0.25       0.25
 0.25       0.25       0.25       0.25       0.25       0.25
 0.25       0.25       0.25       0.25       0.25       0.25
 0.25       0.25       0.25       0.25       0.25       0.25
 0.25       0.25       0.25       0.25       0.25       0.25
 0.25       0.25       0.25       0.25       0.25       0.25
 0.25       0.25       0.25       0.25       0.25       0.25
 0.25       0.25       0.25       0.25       0.25       0.25
 0.25       0.25       0.25       0.25       0.25       0.25
 0.25       0.25       0.25       0.25       0.25       0.25
 0.25       0.25       0.25       0.25       0.25       0.25
 0.25       0.25       0.25       0.25       0.25       0.25
...
 0.25       0.25       0.25       0.25       0.25       0.25
 0.25       0.25       0.25       0.25       0.25       0.25
 0.25       0.25       0.25       0.25      ]
There is no significant difference between the two models (p-value >= 0.05)